%YAML:1.0 # need to specify the file type at the top!

cam:
  enabled: true
  max_n: 2
  use_stereo: true
  stereo_pair: [0, 1]
  do_calib_ext: true
  do_calib_int: true
  do_calib_dt: false
  n_pts: 200
  fast: 20
  grid_x: 20
  grid_y: 20
  min_px_dist: 15
  knn: 0.70
  downsample: false
  histogram_method: "HISTOGRAM" # NONE, HISTOGRAM, CLAHE
  max_slam: 50
  max_msckf: 50
  feat_rep: "GLOBAL_3D"
  init_cov_dt: 1e-4
  init_cov_ex_o: 1e-4
  init_cov_ex_p: 1e-4
  init_cov_in_k: 1e-1
  init_cov_in_c: 1e-1
  init_cov_in_r: 1e-5
  sigma_px: 1
  chi2_mult: 1

  # ==================================================================
  # ==================================================================


cam0:
  T_cam_imu:
    - [-0.026640910671065665, 0.9992379830582299, 0.02852569179419745, 0.09130360928467353]
    - [0.02762378766411694, -0.02778903843265068, 0.9992320529777241, -0.08618090693036942]
    - [0.9992633227701819, 0.027408439516140082, -0.02686241257940203, -0.08171706691404058]
    - [0.0, 0.0, 0.0, 1.0]
  cam_overlaps: [1, 2, 3]
  camera_model: pinhole
  distortion_coeffs: [0.019648905202792784, -0.07132033229615906, -0.0010533900308724836, -0.0015502561054064677]
  distortion_model: radtan
  intrinsics: [399.2931727125603, 397.39569900831975, 327.6286087865161, 196.038814199382]
  resolution: [640, 400]
  rostopic: /oak/left/image_raw
  timeshift_cam_imu: 0.00775219481384742
cam1:
  T_cam_imu:
    - [-0.03396031174565686, 0.9992310001369488, 0.019598611977665548, 0.013218170074231109]
    - [0.030893401757532746, -0.018550999196466772, 0.9993505181650032, -0.08630887406453011]
    - [0.9989455915884436, 0.03454372293378316, -0.030239647019906585, -0.08094584317456768]
    - [0.0, 0.0, 0.0, 1.0]
  T_cn_cnm1:
    - [0.9999333667825426, -0.009122219824614405, -0.007074397528298294, -0.07944361555109081]
    - [0.009147273498206352, 0.9999519771103691, 0.003517223422078369, -0.0006798676941086432]
    - [0.007041972910058147, -0.003581700507191641, 0.9999687905324839, -0.00018295834790791287]
    - [0.0, 0.0, 0.0, 1.0]
  cam_overlaps: [0, 2, 3]
  camera_model: pinhole
  distortion_coeffs: [0.023931637868586663, -0.08910570609576773, -0.001881012971074466, -0.0021681050281549537]
  distortion_model: radtan
  intrinsics: [401.8796335101937, 400.2664638693933, 314.7201889300478, 185.65359226326558]
  resolution: [640, 400]
  rostopic: /oak/right/image_raw
  timeshift_cam_imu: 0.007698592010645117
