%YAML:1.0 # need to specify the file type at the top!

cam:
  enabled: true
  max_n: 3
  use_stereo: true
  stereo_pair: [0, 1]
  do_calib_ext: false
  do_calib_int: false
  do_calib_dt: true
  n_pts: 75
  fast: 20
  grid_x: 20
  grid_y: 20
  min_px_dist: 20
  knn: 0.70
  downsample: false
  histogram_method: "HISTOGRAM" # NONE, HISTOGRAM, CLAHE
  max_slam: 50
  max_msckf: 75
  feat_rep: "GLOBAL_3D"
  init_cov_dt: 1e-4
  init_cov_ex_o: 1e-4
  init_cov_ex_p: 1e-4
  init_cov_in_k: 1e-1
  init_cov_in_c: 1e-1
  init_cov_in_r: 1e-5
  sigma_px: 1
  chi2_mult: 1

  # ==================================================================
  # ==================================================================

cam0:
  timeoffset: 0.0009562063271826601
  T_cam_imu:
    - [-0.019725671740351614, -0.9997749092942909, 0.007812081667736448, 0.04495564641072092]
    - [0.0074141858121750115, -0.00795966090774064, -0.9999408350732435, -9.972306094049967e-05]
    - [0.9997779392060686, -0.019666584447363356, 0.00756952660608895, -0.11450524551458853]
    - [0.0, 0.0, 0.0, 1.0]
  distortion_coeffs: [0.010640365793537753, -0.05763522950876078, -0.0019293833451079362, -0.00035333084554255406]
  distortion_model: radtan
  intrinsics: [405.58098310019227, 403.8276457878866, 316.73049343122057, 186.64408043851867]
  resolution: [640, 400]
  topic: /oak/left/image_raw


cam1:
  timeoffset: 0.0009544312827183836
  T_cam_imu:
    - [-0.004636291056502206, -0.9999793795020413, 0.00444357693218872, -0.045543329059326114]
    - [0.030957379391402917, -0.00458502238668046, -0.999510189158135, -0.003285214555406431]
    - [0.9995099526600306, -0.004496458653932056, 0.03097799853310962, -0.11407007358895982]
    - [0.0, 0.0, 0.0, 1.0]
  distortion_coeffs: [0.02331940153980274, -0.08082123745554143, 0.00011154223322587542, 0.0006846588560799807]
  distortion_model: radtan
  intrinsics: [403.4492191359002, 401.61739087630366, 330.92415147579953, 195.73581687303965]
  resolution: [640, 400]
  topic: /oak/right/image_raw


cam2:
  timeoffset: -0.0013734618570847663
  T_cam_imu:
    - [-0.018037935661160964, -0.999837303093664, 1.4814607611102204e-05, 0.00047708381840149555]
    - [0.03729151521682189, -0.000687578118524268, -0.9993041929908852, -0.003943329051286297]
    - [0.9991416194763971, -0.018024832279932734, 0.037297850492527485, -0.11548248159630123]
    - [0.0, 0.0, 0.0, 1.0]
  distortion_coeffs: [-0.0033145238222561184, -0.00022918864801020787, -0.0008146935733439829, 0.0004636806299307978]
  distortion_model: radtan
  intrinsics: [568.3022206388836, 565.85757415582, 636.313553559358, 361.5121065231719]
  resolution: [1280, 720]
  topic: /oak/rgb/image_rect


