%YAML:1.0 # need to specify the file type at the top!

cam:
  enabled: true
  max_n: 2
  use_stereo: true
  stereo_pair: [0, 1]
  do_calib_ext: false
  do_calib_int: false
  do_calib_dt: true
  n_pts: 75
  fast: 20
  grid_x: 20
  grid_y: 20
  min_px_dist: 20
  knn: 0.70
  downsample: false
  histogram_method: "HISTOGRAM" # NONE, HISTOGRAM, CLAHE
  max_slam: 50
  max_msckf: 75
  feat_rep: "GLOBAL_3D"
  init_cov_dt: 1e-4
  init_cov_ex_o: 1e-4
  init_cov_ex_p: 1e-4
  init_cov_in_k: 1e-1
  init_cov_in_c: 1e-1
  init_cov_in_r: 1e-5
  sigma_px: 1
  chi2_mult: 1

  # ==================================================================
  # ==================================================================

cam0:
  timeoffset: 0.0007928787467863981
  T_cam_imu:
    - [-0.019582027797432344, -0.9997617728439665, 0.009640630022464292, 0.04522263428767224]
    - [0.004561959403764859, -0.009731723950371363, -0.9999422393695312, -0.0010233585292085737]
    - [0.9997978459237344, -0.01953691656437173, 0.004751439510063293, -0.12814506066754472]
    - [0.0, 0.0, 0.0, 1.0]
  distortion_coeffs: [0.010640365793537753, -0.05763522950876078, -0.0019293833451079362, -0.00035333084554255406]
  distortion_model: radtan
  intrinsics: [405.58098310019227, 403.8276457878866, 316.73049343122057, 186.64408043851867]
  resolution: [640, 400]
  topic: /oak/left/image_raw


cam1:
  timeoffset: 0.0007918474290594688
  T_cam_imu:
    - [-0.004502295304768311, -0.9999704612173466, 0.0062294485916546405, -0.04548506674017685]
    - [0.028105876401479712, -0.006353590505538964, -0.9995847595873963, -0.004529805298863082]
    - [0.9995948124358657, -0.004325341657641868, 0.028133651928806958, -0.1276868478690514]
    - [0.0, 0.0, 0.0, 1.0]
  distortion_coeffs: [0.02331940153980274, -0.08082123745554143, 0.00011154223322587542, 0.0006846588560799807]
  distortion_model: radtan
  intrinsics: [403.4492191359002, 401.61739087630366, 330.92415147579953, 195.73581687303965]
  resolution: [640, 400]
  topic: /oak/right/image_raw


cam2:
  timeoffset: -0.0015566437832698356
  T_cam_imu:
    - [-0.017916539212543325, -0.9998377952444535, 0.0018387015407138607, 0.0007146227865795704]
    - [0.034440101409363766, -0.0024550508601259846, -0.9994037483120559, -0.005274170569964193]
    - [0.9992461543771677, -0.01784253137827202, 0.03447850107613781, -0.12908914828959]
    - [0.0, 0.0, 0.0, 1.0]
  distortion_coeffs: [-0.0033145238222561184, -0.00022918864801020787, -0.0008146935733439829, 0.0004636806299307978]
  distortion_model: radtan
  intrinsics: [568.3022206388836, 565.85757415582, 636.313553559358, 361.5121065231719]
  resolution: [1280, 720]
  topic: /oak/rgb/image_rect


