%YAML:1.0 # need to specify the file type at the top!

cam:
  enabled: true
  max_n: 2
  use_stereo: true
  stereo_pair: [0, 1]
  do_calib_ext: false
  do_calib_int: false
  do_calib_dt: true
  n_pts: 75
  fast: 20
  grid_x: 20
  grid_y: 20
  min_px_dist: 20
  knn: 0.70
  downsample: false
  histogram_method: "HISTOGRAM" # NONE, HISTOGRAM, CLAHE
  max_slam: 50
  max_msckf: 75
  feat_rep: "GLOBAL_3D"
  init_cov_dt: 1e-4
  init_cov_ex_o: 1e-4
  init_cov_ex_p: 1e-4
  init_cov_in_k: 1e-1
  init_cov_in_c: 1e-1
  init_cov_in_r: 1e-5
  sigma_px: 1
  chi2_mult: 1

  # ==================================================================
  # ==================================================================

cam0:
  timeoffset: 0.0007928787467863981
  T_cam_imu:
    - [-0.019582027797432344, -0.9997617728439665, 0.009640630022464292, 0.04522263428767224]
    - [0.004561959403764859, -0.009731723950371363, -0.9999422393695312, -0.0010233585292085737]
    - [0.9997978459237344, -0.01953691656437173, 0.004751439510063293, -0.12814506066754472]
    - [0.0, 0.0, 0.0, 1.0]
  distortion_coeffs: [-0.29315944192547944, 0.07440878150649621, 7.622976156949784e-05, -0.00023189858286213404]
  distortion_model: radtan
  intrinsics: [284.51659741498634, 283.15604227051693, 320.7845409559604, 204.12755514110015]
  resolution: [640, 400]
  topic: /oak_d_pro/left/image_raw


cam1:
  timeoffset: 0.0023154172037782497
  T_cam_imu:
    - [-0.002997925355601838, -0.9992094639222566, 0.03964164037674922, -0.0028998666941405654]
    - [-0.0054056857687377335, -0.039625046137105185, -0.9991999971377115, 0.14653575356346082]
    - [0.9999808953199718, -0.003209817257970482, -0.005282619448581299, -0.23848097557916292]
    - [0.0, 0.0, 0.0, 1.0]
  distortion_coeffs: [-0.2947177189374815, 0.07334283725951225, 0.00029285647797618747, -0.00019222540413504235]
  distortion_model: radtan
  intrinsics: [285.7154601232254, 284.44016674923205, 312.9201793939559, 206.31066820221713]
  resolution: [640, 400]
  topic: /oak_d_pro/right/image_raw


