%YAML:1.0 # need to specify the file type at the top!

lidar:
  enabled: true
  max_n: 1
  do_calib_dt: false
  do_calib_ext: false
  init_cov_dt: 1e-4
  init_cov_ex_o: 1e-6
  init_cov_ex_p: 1e-6
  max_range: 20.0
  min_range: 0.5
  chi2_mult: 1
  raw_do_downsample: true
  raw_downsample_size: 2.0
  raw_noise: 0.1
  raw_remove_motion_blur: false # required to set v_angles and h_angles correctly
  raw_point_dt: 1e-6
  map_do_downsample: true
  map_downsample_size: 0.5
  map_noise: 0.1
  map_ngbr_num: 5
  map_ngbr_max_d: 10.0
  map_decay_time: 30 # sec
  map_decay_dist: 30 # m
  map_use_icp: false
  map_icp_dist: 30 # m
  plane_max_p2pd: 0.1
  plane_max_condi: 200.0

lidar0:
  timeoffset: -0.028935
  
  T_imu_lidar:
    - [ 0.999957,  0.008512,  0.003673, -0.185751]
    - [ 0.008416, -0.999642,  0.025385,  0.005369]
    - [ 0.003888, -0.025353, -0.999671, -0.046803]
    - [ 0.000000,  0.000000,  0.000000,  1.000000]

    # - [ 0.999957,  0.008416,  0.003888,  0.185880]
    # - [ 0.008511, -0.999648, -0.025123,  0.005772]
    # - [ 0.003675,  0.025155, -0.999677, -0.046240]
    # - [ 0.000000,  0.000000,  0.000000,  1.000000]
    # - [-0.780972,  0.015623, -0.624371, -0.169146]
    # - [ 0.011075,  0.999876,  0.011165, -0.000262]
    # - [ 0.624468,  0.001805, -0.781049, -0.052997]
    # - [ 0.000000,  0.000000,  0.000000,  1.000000]
    
  topic: "/livox/points"

