%YAML:1.0 # need to specify the file type at the top!

cam:
  enabled: true
  max_n: 3
  use_stereo: true
  stereo_pair: [0, 1]
  do_calib_ext: false
  do_calib_int: false
  do_calib_dt: true
  n_pts: 100
  fast: 20
  grid_x: 20
  grid_y: 20
  min_px_dist: 20
  knn: 0.70
  downsample: false
  histogram_method: "HISTOGRAM" # NONE, HISTOGRAM, CLAHE
  max_slam: 50
  max_msckf: 75
  feat_rep: "GLOBAL_3D"
  init_cov_dt: 1e-4
  init_cov_ex_o: 1e-4
  init_cov_ex_p: 1e-4
  init_cov_in_k: 1e-1
  init_cov_in_c: 1e-1
  init_cov_in_r: 1e-5
  sigma_px: 1
  chi2_mult: 1

  # feature related
  fi_min_dist: 0.25
  fi_max_dist: 150
  fi_max_baseline: 2000
  fi_max_cond_number: 10000

  # ==================================================================
  # ==================================================================

cam0:
  timeoffset: 0.008064555577360265
  T_cam_imu:
    - [-0.0035891797308435502, 0.9999267040710516, -0.011563056450011933, 0.04914605836598755]
    - [-0.027696304191681342, 0.011459294059939756, 0.9995506987210667, -0.07115627345284666]
    - [0.9996099401881637, 0.003907821036625236, 0.027653144699367416, -0.13768690916950876]
    - [0.0, 0.0, 0.0, 1.0]
  distortion_coeffs: [0.010640365793537753, -0.05763522950876078, -0.0019293833451079362, -0.00035333084554255406]
  distortion_model: radtan
  intrinsics: [405.58098310019227, 403.8276457878866, 316.73049343122057, 186.64408043851867]
  resolution: [640, 400]
  topic: /oak/left/image_raw


cam1:
  timeoffset: 0.008064035005875641
  T_cam_imu:
    - [0.011373493182550876, 0.9999059424563219, -0.007664847902035421, -0.04195004472219125]
    - [-0.0042090027874686076, 0.007713148545451576, 0.9999613950723554, -0.07488191722449809]
    - [0.9999264612702086, -0.011340792743484318, 0.004296332341402809, -0.13563353598135805]
    - [0.0, 0.0, 0.0, 1.0]
  distortion_coeffs: [0.02331940153980274, -0.08082123745554143, 0.00011154223322587542, 0.0006846588560799807]
  distortion_model: radtan
  intrinsics: [403.4492191359002, 401.61739087630366, 330.92415147579953, 195.73581687303965]
  resolution: [640, 400]
  topic: /oak/right/image_raw


cam2:
  timeoffset: 0.00570475161715453
  T_cam_imu:
    - [-0.0021764374099363104, 0.999990744572113, -0.0037113192145296625, 0.00407464779332322]
    - [0.002065887163917035, 0.0037158163385734855, 0.9999909623687427, -0.07568843539427178]
    - [0.9999954976050776, 0.00216875057337107, -0.0020739552849350085, -0.1365461869930788]
    - [0.0, 0.0, 0.0, 1.0]
  distortion_coeffs: [-0.0033145238222561184, -0.00022918864801020787, -0.0008146935733439829, 0.0004636806299307978]
  distortion_model: radtan
  intrinsics: [568.3022206388836, 565.85757415582, 636.313553559358, 361.5121065231719]
  resolution: [1280, 720]
  topic: /oak/rgb/image_rect


