%YAML:1.0 # need to specify the file type at the top!

cam:
  enabled: true
  max_n: 3
  use_stereo: true
  stereo_pair: [0, 1]
  do_calib_ext: true
  do_calib_int: true
  do_calib_dt: true
  n_pts: 200
  fast: 20
  grid_x: 20
  grid_y: 20
  min_px_dist: 20
  knn: 0.70
  downsample: false
  histogram_method: "CLAHE" # NONE, HISTOGRAM, CLAHE
  max_slam: 50
  max_msckf: 75
  feat_rep: "GLOBAL_3D"
  init_cov_dt: 1e-4
  init_cov_ex_o: 1e-4
  init_cov_ex_p: 1e-4
  init_cov_in_k: 1e-1
  init_cov_in_c: 1e-1
  init_cov_in_r: 1e-5
  sigma_px: 1
  chi2_mult: 1

  # ==================================================================
  # ==================================================================


cam0:
  timeoffset: 0.00819074790844302
  T_cam_imu:
    - [0.05292791877195749, 0.998371897446888, -0.021264754942658615, 0.04568446865442382]
    - [-0.02272389019789539, 0.022493231966867644, 0.9994887089557143, 0.09874098245127104]
    - [0.9983397519024999, -0.052417639244694614, 0.023877413328708685, -0.07877607651757165]
    - [0.0, 0.0, 0.0, 1.0]
  distortion_coeffs: [-0.29315944192547944, 0.07440878150649621, 7.622976156949784e-05, -0.00023189858286213404]
  distortion_model: radtan
  intrinsics: [284.51659741498634, 283.15604227051693, 320.7845409559604, 204.12755514110015]
  resolution: [640, 400]
  topic: /oak/left/image_raw

cam1:
  timeoffset: 0.008256626913628282
  T_cam_imu:
    - [0.04164074401250498, 0.9989381423859769, -0.01971385615598792, -0.028380478799431764]
    - [-0.020167028535724718, 0.020567285547530567, 0.9995850527720219, 0.09851138599403786]
    - [0.9989290962816753, -0.041225895401559076, 0.021002051095438623, -0.07873865893015365]
    - [0.0, 0.0, 0.0, 1.0]
  distortion_coeffs: [-0.2947177189374815, 0.07334283725951225, 0.00029285647797618747, -0.00019222540413504235]
  distortion_model: radtan
  intrinsics: [285.7154601232254, 284.44016674923205, 312.9201793939559, 206.31066820221713]
  resolution: [640, 400]
  topic: /oak/right/image_raw

cam2:
  timeoffset: 0.005540541831328247
  T_cam_imu:
    - [0.05250832434276065, 0.9982133654862486, -0.028512327848363717, 0.00740069997938456]
    - [-0.019620250977191056, 0.029577433140311582, 0.9993699120948271, 0.09853114765328064]
    - [0.9984277247884834, -0.05191582045434251, 0.021138258212184624, -0.07843424756643289]
    - [0.0, 0.0, 0.0, 1.0]
  distortion_coeffs: [-0.2820154105610851, 0.06230983136125638, -0.0008228505388908006, -0.0010549680183520689]
  distortion_model: radtan
  intrinsics: [563.8353890153784, 561.2094217245337, 603.5812837208587, 348.2674680382275]
  resolution: [1280, 720]
  topic: /oak/rgb/image_raw