%YAML:1.0 # need to specify the file type at the top!

cam:
  enabled: true
  max_n: 2
  use_stereo: true
  stereo_pair: [0, 1]
  do_calib_ext: true
  do_calib_int: true
  do_calib_dt: true
  n_pts: 100
  fast: 20
  grid_x: 20
  grid_y: 20
  min_px_dist: 20
  knn: 0.70
  downsample: false
  histogram_method: "HISTOGRAM" # NONE, HISTOGRAM, CLAHE
  max_slam: 50
  max_msckf: 75
  feat_rep: "GLOBAL_3D"
  init_cov_dt: 1e-4
  init_cov_ex_o: 1e-4
  init_cov_ex_p: 1e-4
  init_cov_in_k: 1e-1
  init_cov_in_c: 1e-1
  init_cov_in_r: 1e-5
  sigma_px: 1
  chi2_mult: 1

  # ==================================================================
  # ==================================================================


cam0:
  timeoffset: 0.007204529748428563
  T_cam_imu:
    - [-0.01146954984814208, 0.999913025798632, -0.00651078063731414, 0.06724215351849712]
    - [0.4398019746131401, 0.010892146017236315, 0.8980287213010083, -0.037831630907634264]
    - [0.8980215323435545, 0.007436531003461477, -0.43988865119933557, -0.46169084697448853]
    - [0.0, 0.0, 0.0, 1.0]
  distortion_coeffs: [-0.29315944192547944, 0.07440878150649621, 7.622976156949784e-05, -0.00023189858286213404]
  distortion_model: radtan
  intrinsics: [284.51659741498634, 283.15604227051693, 320.7845409559604, 204.12755514110015]
  resolution: [640, 400]
  topic: /oak/left/image_raw
  
cam1:
  timeoffset: 0.007044065576373699
  T_cam_imu:
    - [-0.02078135505242021, 0.9997840413515156, 7.707798882100603e-05, -0.002760631552373688]
    - [0.4422052734179796, 0.009122466126805867, 0.8968674800510359, -0.03911607723870134]
    - [0.8966730906208322, 0.018672205831031075, -0.44229935257231434, -0.4610249897368037]
    - [0.0, 0.0, 0.0, 1.0]
  distortion_coeffs: [-0.2947177189374815, 0.07334283725951225, 0.00029285647797618747, -0.00019222540413504235]
  distortion_model: radtan
  intrinsics: [285.7154601232254, 284.44016674923205, 312.9201793939559, 206.31066820221713]
  resolution: [640, 400]
  topic: /oak/right/image_raw

# cam2:
#   timeoffset: 0.005540541831328247
#   T_cam_imu:
#     - [0.05250832434276065, 0.9982133654862486, -0.028512327848363717, 0.00740069997938456]
#     - [-0.019620250977191056, 0.029577433140311582, 0.9993699120948271, 0.09853114765328064]
#     - [0.9984277247884834, -0.05191582045434251, 0.021138258212184624, -0.07843424756643289]
#     - [0.0, 0.0, 0.0, 1.0]
#   distortion_coeffs: [-0.2820154105610851, 0.06230983136125638, -0.0008228505388908006, -0.0010549680183520689]
#   distortion_model: radtan
#   intrinsics: [563.8353890153784, 561.2094217245337, 603.5812837208587, 348.2674680382275]
#   resolution: [1280, 720]
#   topic: /oak/rgb/image_raw