%YAML:1.0 # need to specify the file type at the top!

cam:
  enabled: true
  max_n: 2
  use_stereo: true
  stereo_pair: [0, 1]
  do_calib_ext: true
  do_calib_int: true
  do_calib_dt: true
  n_pts: 75
  fast: 20
  grid_x: 20
  grid_y: 20
  min_px_dist: 25
  knn: 0.70
  downsample: false
  histogram_method: "HISTOGRAM" # NONE, HISTOGRAM, CLAHE
  max_slam: 50
  max_msckf: 50
  feat_rep: "GLOBAL_3D"
  init_cov_dt: 1e-4
  init_cov_ex_o: 1e-4
  init_cov_ex_p: 1e-4
  init_cov_in_k: 1e-1
  init_cov_in_c: 1e-1
  init_cov_in_r: 1e-5
  sigma_px: 1
  chi2_mult: 1

  # ==================================================================
  # ==================================================================

cam0:
  timeoffset: 0.00051669992658814
  T_cam_imu:
    - [-0.03781290615340577, -0.9986713040495332, 0.035011578031226676, 0.07298839779078524]
    - [-0.03983462550725586, -0.03350237058100508, -0.998644478168356, 0.015482200922085633]
    - [0.9984905541560866, -0.03915632303288896, -0.038514875406959914, -0.2333265184287306]
    - [0.0, 0.0, 0.0, 1.0]
  distortion_coeffs: [-0.27964239713053585, 0.06784337838003894, 0.0015564712433546654, -0.0008213891441819662]
  distortion_model: radtan
  intrinsics: [280.8247837238816, 279.8502968245652, 317.7504445215739, 198.76005948515035]
  resolution: [640, 400]
  topic: /oak/left_w/image_raw

cam1:
  timeoffset: -0.0005302971064862436
  T_cam_imu:
    - [-0.03271981887467898, -0.9985763292799823, 0.04212752134323472, -0.00757743892425157]
    - [-0.027804642829201642, -0.04122433503741704, -0.9987629628885241, 0.012743397286063244]
    - [0.9990777323561709, -0.033850683928678404, -0.026416205397671894, -0.23411084963333387]
    - [0.0, 0.0, 0.0, 1.0]
  distortion_coeffs: [-0.28217956736155625, 0.07148306162978281, 0.0005168208072163998, -0.0004997410959574262]
  distortion_model: radtan
  intrinsics: [282.2634361692762, 281.2007335764021, 319.42797032388785, 199.0064724143763]
  resolution: [640, 400]
  topic: /oak/right_w/image_raw

