%YAML:1.0 # need to specify the file type at the top!

cam:
  enabled: true
  max_n: 2
  use_stereo: true
  stereo_pair: [0, 1]
  do_calib_ext: true
  do_calib_int: true
  do_calib_dt: true
  n_pts: 75
  fast: 20
  grid_x: 20
  grid_y: 20
  min_px_dist: 25
  knn: 0.70
  downsample: false
  histogram_method: "HISTOGRAM" # NONE, HISTOGRAM, CLAHE
  max_slam: 50
  max_msckf: 50
  feat_rep: "GLOBAL_3D"
  init_cov_dt: 1e-4
  init_cov_ex_o: 1e-4
  init_cov_ex_p: 1e-4
  init_cov_in_k: 1e-1
  init_cov_in_c: 1e-1
  init_cov_in_r: 1e-5
  sigma_px: 1
  chi2_mult: 1

  # ==================================================================
  # ==================================================================

 
cam0:
  timeoffset: 0.0005248201208675237
  T_cam_imu:
    - [-0.038053548493260925, -0.9986721431276291, 0.03472575395782129, 0.07308811014615284]
    - [-0.037675949874761194, -0.03329233919010799, -0.9987352717073155, 0.01203992901698256]
    - [0.9985651957924958, -0.039313746859322596, -0.0363590299619721, -0.2291486899220591]
    - [0.0, 0.0, 0.0, 1.0]
  distortion_coeffs: [-0.27964239713053585, 0.06784337838003894, 0.0015564712433546654, -0.0008213891441819662]
  distortion_model: radtan
  intrinsics: [280.8247837238816, 279.8502968245652, 317.7504445215739, 198.76005948515035]
  resolution: [640, 400]
  topic: /oak/left_w/image_raw

cam1:
  timeoffset: -0.0005388677941923939
  T_cam_imu:
    - [-0.03297587816640235, -0.9985794609837351, 0.04185273659616401, -0.0074324738793649925]
    - [-0.02564701358079452, -0.0410162704583793, -0.9988292628132558, 0.009353665928509029]
    - [0.9991270300384938, -0.03401066978344264, -0.02425803345987665, -0.22989159188901362]
    - [0.0, 0.0, 0.0, 1.0]
  distortion_coeffs: [-0.28217956736155625, 0.07148306162978281, 0.0005168208072163998, -0.0004997410959574262]
  distortion_model: radtan
  intrinsics: [282.2634361692762, 281.2007335764021, 319.42797032388785, 199.0064724143763]
  resolution: [640, 400]
  topic: /oak/right_w/image_raw

