%YAML:1.0 # need to specify the file type at the top!

cam:
  enabled: true
  max_n: 4
  use_stereo: true
  stereo_pair: [0, 1]
  do_calib_ext: true
  do_calib_int: true
  do_calib_dt: true
  n_pts: 100
  fast: 20
  grid_x: 20
  grid_y: 20
  min_px_dist: 20
  knn: 0.70
  downsample: false
  histogram_method: "HISTOGRAM" # NONE, HISTOGRAM, CLAHE
  max_slam: 50
  max_msckf: 50
  feat_rep: "GLOBAL_3D"
  init_cov_dt: 1e-4
  init_cov_ex_o: 1e-4
  init_cov_ex_p: 1e-4
  init_cov_in_k: 1e-1
  init_cov_in_c: 1e-1
  init_cov_in_r: 1e-5
  sigma_px: 1
  chi2_mult: 1

  # ==================================================================
  # ==================================================================


cam2:
  timeoffset: 0.00827385069859898
  T_cam_imu:
    - [-0.023218709009512895, 0.9996329883203655, -0.013956368210509829, 0.07239623009442395]
    - [0.47437404759038404, 0.023304717487462157, 0.8800148595992827, -0.04017930792410213]
    - [0.8800171330858549, 0.013812270071401789, -0.4747410522282932, -0.04953781411361109]
    - [0.0, 0.0, 0.0, 1.0]
  distortion_coeffs: [0.012238488828118132, -0.059588919979600655, -0.0020644662423575408, -0.001584851494418528]
  distortion_model: radtan
  intrinsics: [404.2474069137389, 402.20845104205563, 314.634180034879, 184.8751576117675]
  resolution: [640, 400]
  topic: /oak/left/image_raw

cam3:
  timeoffset: 0.008325297756789647
  T_cam_imu:
    - [-0.00357187353936661, 0.9999936160517318, 9.785295275294148e-05, -0.008559203438447696]
    - [0.4846610434247339, 0.0016455664350598642, 0.8747005002271098, -0.041595529334457815]
    - [0.8746947551608315, 0.0031717450858153584, -0.48466382712891165, -0.04892169760645598]
    - [0.0, 0.0, 0.0, 1.0]
  distortion_coeffs: [0.00981232742915027, -0.06020291543123214, 0.001055202854594249, -0.0027762191830437845]
  distortion_model: radtan
  intrinsics: [404.4921310422874, 402.54135256728676, 317.6530309908963, 198.20877030793613]
  resolution: [640, 400]
  topic: /oak/right/image_raw

cam0:
  timeoffset: 0.005396449271122471
  T_cam_imu:
    - [-0.0263843201388399, 0.9995815726482518, -0.011855263508633196, 0.07287686161419095]
    - [-0.021333683749581445, 0.011293659969913078, 0.9997086211402585, -0.04833063161588641]
    - [0.9994242050243151, 0.026629548748183907, 0.021026781612601797, -0.0774631537634911]
    - [0.0, 0.0, 0.0, 1.0]
  distortion_coeffs: [-0.29726572543663043, 0.0899766061905017, 0.0006657138188944588, 0.00010390786442590573]
  distortion_model: radtan
  intrinsics: [281.83454039085643, 280.76092941851664, 318.5219841278495, 199.54665232760186]
  resolution: [640, 400]
  topic: /oak/left_w/image_raw

cam1:
  timeoffset: 0.005684264315623707
  T_cam_imu:
    - [-0.02427124960665844, 0.9996792957585492, 0.007225792290320665, -0.007970979882188825]
    - [-0.03500309327559431, -0.008073286675248703, 0.9993545944775557, -0.04788467357506067]
    - [0.9990924331130087, 0.024002659726597486, 0.03518781639115803, -0.07839031194387043]
    - [0.0, 0.0, 0.0, 1.0]
  distortion_coeffs: [-0.2931388913459137, 0.08316446229125107, 0.0013970931705729436, 2.192916863925055e-05]
  distortion_model: radtan
  intrinsics: [280.7241223260282, 279.6127758930072, 313.4361829116475, 199.5370156844267]
  resolution: [640, 400]
  topic: /oak/right_w/image_raw
