%YAML:1.0 # need to specify the file type at the top!

cam:
  enabled: true
  max_n: 3
  use_stereo: true
  stereo_pair: [0, 1]
  do_calib_ext: false
  do_calib_int: false
  do_calib_dt: false
  n_pts: 100
  fast: 20
  grid_x: 20
  grid_y: 20
  min_px_dist: 20
  knn: 0.70
  downsample: false
  histogram_method: "HISTOGRAM" # NONE, HISTOGRAM, CLAHE
  max_slam: 50
  max_msckf: 50
  feat_rep: "GLOBAL_3D"
  init_cov_dt: 1e-4
  init_cov_ex_o: 1e-4
  init_cov_ex_p: 1e-4
  init_cov_in_k: 1e-1
  init_cov_in_c: 1e-1
  init_cov_in_r: 1e-5
  sigma_px: 1
  chi2_mult: 1

  # ==================================================================
  # ==================================================================


cam0:
  timeoffset: 0.00775219481384742
  T_cam_imu:
    - [-0.026640910671065665, 0.9992379830582299, 0.02852569179419745, 0.09130360928467353]
    - [0.02762378766411694, -0.02778903843265068, 0.9992320529777241, -0.08618090693036942]
    - [0.9992633227701819, 0.027408439516140082, -0.02686241257940203, -0.08171706691404058]
    - [0.0, 0.0, 0.0, 1.0]
  distortion_coeffs: [0.019648905202792784, -0.07132033229615906, -0.0010533900308724836, -0.0015502561054064677]
  distortion_model: radtan
  intrinsics: [399.2931727125603, 397.39569900831975, 327.6286087865161, 196.038814199382]
  resolution: [640, 400]
  topic: /oak/left/image_raw

cam1:
  timeoffset: 0.007698592010645117
  T_cam_imu:
    - [-0.03396031174565686, 0.9992310001369488, 0.019598611977665548, 0.013218170074231109]
    - [0.030893401757532746, -0.018550999196466772, 0.9993505181650032, -0.08630887406453011]
    - [0.9989455915884436, 0.03454372293378316, -0.030239647019906585, -0.08094584317456768]
    - [0.0, 0.0, 0.0, 1.0]
  distortion_coeffs: [0.023931637868586663, -0.08910570609576773, -0.001881012971074466, -0.0021681050281549537]
  distortion_model: radtan
  intrinsics: [401.8796335101937, 400.2664638693933, 314.7201889300478, 185.65359226326558]
  resolution: [640, 400]
  topic: /oak/right/image_raw

cam2:
  timeoffset: 0.0072851040646156676
  T_cam_imu:
    - [-0.04871252906489576, 0.998329593233364, 0.031066264445667013, 0.05302082945964018]
    - [0.5058185828543489, -0.002162824756637871, 0.862637167891745, -0.07547622256192296]
    - [0.8612634038151861, 0.057735131969871734, -0.5048683034070387, -0.03979755602758521]
    - [0.0, 0.0, 0.0, 1.0]
  distortion_coeffs: [-0.2804328764359334, 0.07583895994266004, -0.0020521113073398477, -0.0003954741029450725]
  distortion_model: radtan
  intrinsics: [276.57545571300733, 274.9516403467756, 313.9611085253185, 198.09533095404402]
  resolution: [640, 400]
  topic: /oak/left_w/image_raw

cam3:
  timeoffset: 0.004828729655876854
  T_cam_imu:
    - [-0.021970694783499833, 0.9993436754275875, 0.028801162365621247, 0.05093246401629573]
    - [-0.45607962550221326, -0.035654485096187793, 0.8892244558570612, -0.07419755723884379]
    - [0.88966772661061, 0.006401255767918224, 0.45656364304673064, -0.12733377544988222]
    - [0.0, 0.0, 0.0, 1.0]
  distortion_coeffs: [-0.30068374842164575, 0.0898735156572887, -0.00156003124613249, 0.0010119959523640048]
  distortion_model: radtan
  intrinsics: [284.4256892725722, 282.6471036180116, 311.845393015099, 196.43161441051356]
  resolution: [640, 400]
  topic: /oak/right_w/image_raw
