%YAML:1.0 # need to specify the file type at the top!

cam:
  enabled: true
  max_n: 2
  use_stereo: true
  stereo_pair: [0, 1]
  do_calib_ext: false
  do_calib_int: false
  do_calib_dt: true
  n_pts: 100
  fast: 20
  grid_x: 20
  grid_y: 20
  min_px_dist: 20
  knn: 0.70
  downsample: false
  histogram_method: "HISTOGRAM" # NONE, HISTOGRAM, CLAHE
  max_slam: 50
  max_msckf: 75
  feat_rep: "GLOBAL_3D"
  init_cov_dt: 1e-4
  init_cov_ex_o: 1e-4
  init_cov_ex_p: 1e-4
  init_cov_in_k: 1e-1
  init_cov_in_c: 1e-1
  init_cov_in_r: 1e-5
  sigma_px: 1
  chi2_mult: 1

  # ==================================================================
  # ==================================================================


cam0:
  timeoffset: 0.0005252284528874203
  T_cam_imu:
    - [-0.0024308000868532675, 0.9997973236586929, -0.019985064819860267, 0.06841146698428961]
    - [0.9999939311991349, 0.0024801850836837403, 0.002446680782592487, 0.0006866909423821146]
    - [0.002495751557945793, -0.019978996142622756, -0.9997972849219463, -0.0034520703444868767]
    - [0.0, 0.0, 0.0, 1.0]
  distortion_coeffs: [-0.29315944192547944, 0.07440878150649621, 7.622976156949784e-05, -0.00023189858286213404]
  distortion_model: radtan
  intrinsics: [284.51659741498634, 283.15604227051693, 320.7845409559604, 204.12755514110015]
  resolution: [640, 400]
  topic: /oak_d_pro/left/image_raw

cam1:
  timeoffset: 0.0004636114605375501
  T_cam_imu:
    - [-0.0006394268184105668, 0.999961771180091, -0.008720510978106059, -0.006681582411173073]
    - [0.9999997815669259, 0.0006379432889330671, -0.00017290014638182, 0.000616977480297159]
    - [-0.00016733034515871263, -0.008720619630248541, -0.999961960673415, -0.002905228837382114]
    - [0.0, 0.0, 0.0, 1.0] 
  distortion_coeffs: [-0.2947177189374815, 0.07334283725951225, 0.00029285647797618747, -0.00019222540413504235]
  distortion_model: radtan
  intrinsics: [285.7154601232254, 284.44016674923205, 312.9201793939559, 206.31066820221713]
  resolution: [640, 400]
  topic: /oak_d_pro/right/image_raw


