%YAML:1.0 # need to specify the file type at the top!

cam:
  enabled: true
  max_n: 3
  use_stereo: true
  stereo_pair: [0, 1]
  do_calib_ext: true
  do_calib_int: true
  do_calib_dt: true
  n_pts: 100
  fast: 20
  grid_x: 20
  grid_y: 20
  min_px_dist: 20
  knn: 0.70
  downsample: false
  histogram_method: "HISTOGRAM" # NONE, HISTOGRAM, CLAHE
  max_slam: 50
  max_msckf: 50
  feat_rep: "GLOBAL_3D"
  init_cov_dt: 1e-4
  init_cov_ex_o: 1e-4
  init_cov_ex_p: 1e-4
  init_cov_in_k: 1e-1
  init_cov_in_c: 1e-1
  init_cov_in_r: 1e-5
  sigma_px: 1
  chi2_mult: 1

  # ==================================================================
  # ==================================================================


cam0:
  timeoffset: 0.004585290593751679
  T_cam_imu:
    - [0.00010905329921623297, 0.9993507703532263, -0.03602812653737891, 0.10179429434397134]
    - [0.012339404493278916, 0.03602403903045662, 0.9992747408539284, 0.05417909824791079]
    - [0.9999238607034695, -0.0005535398337932484, -0.012327464845750924, -0.08335412679919281]
    - [0.0, 0.0, 0.0, 1.0]
  distortion_coeffs: [-0.30800212094976154, 0.10189342666699792, -1.2036757263895353e-05, -0.0010895473326696513]
  distortion_model: radtan
  intrinsics: [568.1844470915614, 565.6537749503522, 644.1284822380543, 407.7820888506135]
  resolution: [1280, 800]
  topic: /oak/left/image_raw

cam1:
  timeoffset: 0.005053528957807973
  T_cam_imu:
    - [-0.011503917660366347, 0.999356613977473, -0.033970840112421574, 0.027753169731696156]
    - [0.014116789099944904, 0.034132017804830245, 0.9993176279972642, 0.0538661097515348]
    - [0.9998341743229081, 0.011016508523618185, -0.014500358477563924, -0.08275939948027831]
    - [0.0, 0.0, 0.0, 1.0]
  distortion_coeffs: [-0.3019726338048711, 0.09021005413606872, 0.00025115557706569534, -0.0006003932454941043]
  distortion_model: radtan
  intrinsics: [569.8513042876926, 567.4820512208543, 628.5250612477096, 412.4641005116755]
  resolution: [1280, 800]
  topic: /oak/right/image_raw

cam2:
  timeoffset: 0.004403381518494644
  T_cam_imu:
    - [-0.0033539795597697375, 0.9990589348927703, -0.043243443804075354, 0.06404346376944484]
    - [0.015892681048833845, 0.043291479603498995, 0.9989360692671079, 0.054301516536155885]
    - [0.9998680780533964, 0.0026631568980071685, -0.01602292373894082, -0.08327776784029907]
    - [0.0, 0.0, 0.0, 1.0]

  distortion_coeffs: [-0.3046129581308625, 0.09680163523443487, -0.0006691253615660882, -0.0008244047129708103]
  distortion_model: radtan
  intrinsics: [563.1565724456573, 560.9847760413178, 607.0557598736109, 386.6821861269228]
  resolution: [1280, 800]
  topic: /oak/rgb/image_raw