%YAML:1.0 # need to specify the file type at the top!

cam:
  enabled: true
  max_n: 2
  use_stereo: true
  stereo_pair: [0, 1]
  do_calib_ext: true
  do_calib_int: true
  do_calib_dt: true
  n_pts: 75
  fast: 20
  grid_x: 20
  grid_y: 20
  min_px_dist: 25
  knn: 0.70
  downsample: false
  histogram_method: "HISTOGRAM" # NONE, HISTOGRAM, CLAHE
  max_slam: 50
  max_msckf: 50
  feat_rep: "GLOBAL_3D"
  init_cov_dt: 1e-4
  init_cov_ex_o: 1e-4
  init_cov_ex_p: 1e-4
  init_cov_in_k: 1e-1
  init_cov_in_c: 1e-1
  init_cov_in_r: 1e-5
  sigma_px: 1
  chi2_mult: 1

  # ==================================================================
  # ==================================================================

 
cam0:
  timeoffset: 0.005093833406253977
  T_cam_imu:
    - [-0.030932435000217695, 0.9995071230395387, -0.00535681418216688, 0.04271333429766874]
    - [-0.03588156430273526, 0.004245504706302722, 0.9993470313324486, -0.05188519000953409]
    - [0.9988772185850203, 0.031104447961886716, 0.035732555308014335, -0.06980803570405547]
    - [0.0, 0.0, 0.0, 1.0]
  distortion_coeffs: [-0.27964239713053585, 0.06784337838003894, 0.0015564712433546654, -0.0008213891441819662]
  distortion_model: radtan
  intrinsics: [280.8247837238816, 279.8502968245652, 317.7504445215739, 198.76005948515035]
  resolution: [640, 400]
  topic: /oak/left_w/image_raw

cam1:
  timeoffset: 0.005164157652375824
  T_cam_imu:
    - [-0.01924756980177922, 0.9997293431928507, -0.013067953776974672, -0.036787529724628794]
    - [-0.022448227335308324, 0.01263496325400193, 0.9996681623384196, -0.0527624000908415]
    - [0.9995627084611691, 0.019534535130417974, 0.022198959232597293, -0.0705784370989122]
    - [0.0, 0.0, 0.0, 1.0]
  distortion_coeffs: [-0.28217956736155625, 0.07148306162978281, 0.0005168208072163998, -0.0004997410959574262]
  distortion_model: radtan
  intrinsics: [282.2634361692762, 281.2007335764021, 319.42797032388785, 199.0064724143763]
  resolution: [640, 400]
  topic: /oak/right_w/image_raw

cam2:
  timeoffset: 0.00942886520187288
  T_cam_imu:
    - [-0.002460430330802288, 0.9999959813999967, -0.0014083559363203269, 0.0413692575490355]
    - [0.4836958178044678, 0.002422748932299268, 0.8752328182409963, -0.041684724571664306]
    - [0.8752327131232316, 0.0014722334961354555, -0.48369983502941005, -0.03948078915069126]
    - [0.0, 0.0, 0.0, 1.0]
  distortion_coeffs: [0.002405276398378592, -0.04331984330608526, 0.00048377171208613217, -0.0008829574098641757]
  distortion_model: radtan
  intrinsics: [406.5094171572527, 404.8327863143363, 321.75317564619024, 197.17911118068844]
  resolution: [640, 400]
  topic: /oak/left/image_raw

cam3:
  timeoffset: 0.007747947759499117
  T_cam_imu:
    - [-0.004778067447445189, 0.9999388171809969, -0.009976570860593004, -0.03774714963242798]
    - [0.4742171708385025, 0.011049277724129836, 0.8803385646123323, -0.040405043364989505]
    - [0.8803949369194454, -0.000524744169875524, -0.4742409510893824, -0.03999969027258699]
    - [0.0, 0.0, 0.0, 1.0]
  distortion_coeffs: [0.001875622375087523, -0.041018705430537296, -0.001665683262700995, -0.001750386241505703]
  distortion_model: radtan
  intrinsics: [406.27633179827114, 404.56036625580447, 316.45093572486576, 184.30873778165628]
  resolution: [640, 400]
  topic: /oak/right/image_raw